2015 01 01    0.65
2015 01 02    1.89
2015 01 03    1.94
2015 01 04    0.35
2015 01 05   -1.05
2015 01 06   -6.14
2015 01 07   -6.31
2015 01 08    0.07
2015 01 09    2.16
2015 01 10    3.41
2015 01 11    2.10
2015 01 12    2.94
2015 01 13    5.37
2015 01 14    3.80
2015 01 15    0.37
2015 01 16    2.77
2015 01 17    0.83
2015 01 18   -1.08
2015 01 19   -1.18
2015 01 20   -0.77
2015 01 21   -0.63
2015 01 22   -1.35
2015 01 23   -1.83
2015 01 24   -3.17
2015 01 25   -2.97
2015 01 26   -2.14
2015 01 27   -1.70
2015 01 28   -0.43
2015 01 29   -0.71
2015 01 30   -1.71
2015 01 31   -1.34
2015 02 01   -1.58
2015 02 02   -2.62
2015 02 03   -1.97
2015 02 04   -2.86
2015 02 05   -4.27
2015 02 06   -5.71
2015 02 07   -1.81
2015 02 08   -2.06
2015 02 09   -0.38
2015 02 10    0.48
2015 02 11    0.09
2015 02 12   -0.43
2015 02 13   -1.02
2015 02 14   -0.79
2015 02 15   -1.50
2015 02 16   -2.60
2015 02 17   -3.87
2015 02 18   -0.29
2015 02 19    1.15
2015 02 20   -0.12
2015 02 21    1.42
2015 02 22    0.80
2015 02 23    1.72
2015 02 24    2.09
2015 02 25    2.94
2015 02 26    2.43
2015 02 27    2.64
2015 02 28    2.14
2015 03 01    2.73
2015 03 02    3.01
2015 03 03    1.13
2015 03 04    1.03
2015 03 05    0.34
2015 03 06    0.85
2015 03 07    4.22
2015 03 08    6.26
2015 03 09    5.71
2015 03 10    6.29
2015 03 11    3.16
2015 03 12    2.78
2015 03 13    1.97
2015 03 14    3.50
2015 03 15    5.31
2015 03 16    5.81
2015 03 17    5.35
2015 03 18    3.82
2015 03 19    4.31
2015 03 20    4.16
2015 03 21    4.66
2015 03 22   -1.29
2015 03 23    1.56
2015 03 24    6.07
2015 03 25    8.49
2015 03 26    8.56
2015 03 27    5.93
2015 03 28    5.83
2015 03 29    5.69
2015 03 30    6.44
2015 03 31    3.47
2015 04 01    3.04
2015 04 02    1.74
2015 04 03    2.67
2015 04 04    1.84
2015 04 05    2.20
2015 04 06    2.71
2015 04 07    3.94
2015 04 08    6.45
2015 04 09    5.80
2015 04 10   10.42
2015 04 11   12.43
2015 04 12    9.19
2015 04 13    6.77
2015 04 14    5.07
2015 04 15   10.53
2015 04 16    8.19
2015 04 17    5.29
2015 04 18    4.67
2015 04 19    6.28
2015 04 20    6.26
2015 04 21    7.28
2015 04 22    8.32
2015 04 23   10.39
2015 04 24   10.98
2015 04 25   14.40
2015 04 26   14.09
2015 04 27   15.75
2015 04 28    9.19
2015 04 29    7.29
2015 04 30    9.08
2015 05 01    8.52
2015 05 02    8.21
2015 05 03   10.29
2015 05 04   12.02
2015 05 05   15.90
2015 05 06   14.19
2015 05 07   13.11
2015 05 08   11.92
2015 05 09   13.96
2015 05 10   12.50
2015 05 11   11.54
2015 05 12   14.71
2015 05 13   11.37
2015 05 14   10.76
2015 05 15    9.74
2015 05 16   10.87
2015 05 17   10.33
2015 05 18   10.74
2015 05 19   15.70
2015 05 20   12.82
2015 05 21   12.15
2015 05 22   13.92
2015 05 23   14.82
2015 05 24   14.24
2015 05 25   15.64
2015 05 26   14.47
2015 05 27   11.61
2015 05 28   12.94
2015 05 29   13.50
2015 05 30   14.10
2015 05 31   13.23
2015 06 01   16.46
2015 06 02   16.59
2015 06 03   19.92
2015 06 04   14.57
2015 06 05   16.05
2015 06 06   21.10
2015 06 07   16.96
2015 06 08   15.80
2015 06 09   12.39
2015 06 10   15.27
2015 06 11   17.08
2015 06 12   18.63
2015 06 13   21.17
2015 06 14   20.32
2015 06 15   15.61
2015 06 16   13.77
2015 06 17   15.69
2015 06 18   14.49
2015 06 19   13.36
2015 06 20   14.29
2015 06 21   13.48
2015 06 22   15.10
2015 06 23   13.79
2015 06 24   14.25
2015 06 25   15.46
2015 06 26   16.65
2015 06 27   17.59
2015 06 28   18.77
2015 06 29   17.53
2015 06 30   18.10
2015 07 01   18.85
2015 07 02   20.02
2015 07 03   22.99
2015 07 04   25.84
2015 07 05   25.52
2015 07 06   22.16
2015 07 07   22.70
2015 07 08   20.56
2015 07 09   16.64
2015 07 10   14.19
2015 07 11   16.43
2015 07 12   18.57
2015 07 13   17.98
2015 07 14   18.24
2015 07 15   17.86
2015 07 16   18.28
2015 07 17   20.80
2015 07 18   22.81
2015 07 19   20.27
2015 07 20   17.34
2015 07 21   20.54
2015 07 22   22.17
2015 07 23   20.05
2015 07 24   20.01
2015 07 25   20.71
2015 07 26   16.35
2015 07 27   15.68
2015 07 28   17.19
2015 07 29   16.92
2015 07 30   14.91
2015 07 31   14.13
2015 08 01   16.03
2015 08 02   20.36
2015 08 03   22.90
2015 08 04   24.76
2015 08 05   24.74
2015 08 06   23.74
2015 08 07   26.57
2015 08 08   28.33
2015 08 09   23.06
2015 08 10   22.76
2015 08 11   24.86
2015 08 12   26.18
2015 08 13   22.50
2015 08 14   22.50
2015 08 15   24.09
2015 08 16   22.43
2015 08 17   22.30
2015 08 18   19.42
2015 08 19   18.36
2015 08 20   18.14
2015 08 21   18.58
2015 08 22   19.40
2015 08 23   20.82
2015 08 24   20.47
2015 08 25   19.18
2015 08 26   19.41
2015 08 27   21.98
2015 08 28   19.14
2015 08 29   18.28
2015 08 30   21.81
2015 08 31   25.20
2015 09 01   26.16
2015 09 02   17.81
2015 09 03   17.23
2015 09 04   15.56
2015 09 05   15.00
2015 09 06   12.22
2015 09 07   12.23
2015 09 08   12.33
2015 09 09   12.83
2015 09 10   13.90
2015 09 11   15.14
2015 09 12   13.59
2015 09 13   15.01
2015 09 14   16.76
2015 09 15   17.34
2015 09 16   18.82
2015 09 17   22.31
2015 09 18   16.58
2015 09 19   16.46
2015 09 20   13.96
2015 09 21   12.45
2015 09 22   12.56
2015 09 23   14.12
2015 09 24   15.50
2015 09 25   15.11
2015 09 26   12.90
2015 09 27   11.90
2015 09 28   10.85
2015 09 29   10.94
2015 09 30   10.54
2015 10 01    9.74
2015 10 02   10.82
2015 10 03   12.12
2015 10 04   15.05
2015 10 05   12.43
2015 10 06   12.22
2015 10 07    7.05
2015 10 08    5.56
2015 10 09    3.27
2015 10 10    2.54
2015 10 11    2.73
2015 10 12    2.12
2015 10 13    3.31
2015 10 14    6.07
2015 10 15    6.34
2015 10 16    8.01
2015 10 17    9.01
2015 10 18    8.14
2015 10 19    7.31
2015 10 20    7.12
2015 10 21    7.06
2015 10 22    7.42
2015 10 23    9.58
2015 10 24    7.36
2015 10 25    6.62
2015 10 26    7.10
2015 10 27    4.59
2015 10 28    4.10
2015 10 29    4.65
2015 10 30    6.05
2015 10 31    3.53
2015 11 01    6.83
2015 11 02    5.32
2015 11 03    5.48
2015 11 04    1.48
2015 11 05    2.32
2015 11 06    1.69
2015 11 07    6.43
2015 11 08   10.14
2015 11 09    8.46
2015 11 10   11.54
2015 11 11   12.89
2015 11 12    9.72
2015 11 13    7.30
2015 11 14    6.56
2015 11 15    4.78
2015 11 16    5.22
2015 11 17    8.39
2015 11 18    9.31
2015 11 19    8.56
2015 11 20    6.33
2015 11 21    2.92
2015 11 22    1.14
2015 11 23   -1.82
2015 11 24   -2.06
2015 11 25   -1.73
2015 11 26   -0.66
2015 11 27   -0.82
2015 11 28   -1.31
2015 11 29    1.24
2015 11 30    3.02
2015 12 01    2.32
2015 12 02    2.85
2015 12 03    4.78
2015 12 04    3.98
2015 12 05    4.95
2015 12 06    5.78
2015 12 07    5.64
2015 12 08    2.08
2015 12 09    3.58
2015 12 10    1.47
2015 12 11    0.26
2015 12 12    3.99
2015 12 13    2.47
2015 12 14   -0.68
2015 12 15   -1.68
2015 12 16   -2.08
2015 12 17    2.87
2015 12 18    6.35
2015 12 19    6.86
2015 12 20    5.50
2015 12 21    4.51
2015 12 22    7.01
2015 12 23    8.74
2015 12 24    4.01
2015 12 25    4.52
2015 12 26    8.29
2015 12 27    6.96
2015 12 28    3.96
2015 12 29   -3.42
2015 12 30   -4.06
2015 12 31   -6.53
2016 01 01   -9.05
2016 01 02   -9.93
2016 01 03  -12.43
2016 01 04  -13.88
2016 01 05  -14.25
2016 01 06  -10.88
2016 01 07   -9.63
2016 01 08   -5.95
2016 01 09   -2.68
2016 01 10   -3.08
2016 01 11   -1.41
2016 01 12   -2.35
2016 01 13   -2.51
2016 01 14   -3.73
2016 01 15   -4.16
2016 01 16   -6.60
2016 01 17   -6.22
2016 01 18   -7.93
2016 01 19   -8.68
2016 01 20   -6.97
2016 01 21   -4.81
2016 01 22   -7.56
2016 01 23   -9.56
2016 01 24   -3.51
2016 01 25    0.09
2016 01 26    1.45
2016 01 27    3.37
2016 01 28    3.87
2016 01 29    1.80
2016 01 30    4.98
2016 01 31    1.60
2016 02 01    2.34
2016 02 02    7.26
2016 02 03    3.30
2016 02 04    0.91
2016 02 05   -0.27
2016 02 06    2.23
2016 02 07    2.67
2016 02 08    4.81
2016 02 09    5.14
2016 02 10    3.29
2016 02 11    1.05
2016 02 12    0.83
2016 02 13   -0.24
2016 02 14    1.39
2016 02 15    1.98
2016 02 16    0.07
2016 02 17   -0.69
2016 02 18    1.67
2016 02 19    0.14
2016 02 20    0.39
2016 02 21    2.38
2016 02 22    5.08
2016 02 23    2.77
2016 02 24    1.06
2016 02 25   -0.50
2016 02 26   -0.56
2016 02 27   -0.23
2016 02 28   -0.49
2016 02 29   -0.35
2016 03 01   -0.42
2016 03 02    0.39
2016 03 03    1.63
2016 03 04    1.10
2016 03 05    1.41
2016 03 06    3.16
2016 03 07    3.33
2016 03 08    3.06
2016 03 09    3.29
2016 03 10    2.83
2016 03 11    1.85
2016 03 12    2.14
2016 03 13    1.13
2016 03 14    0.01
2016 03 15    1.26
2016 03 16    1.63
2016 03 17    2.87
2016 03 18    2.83
2016 03 19    1.23
2016 03 20    2.99
2016 03 21    3.56
2016 03 22    2.43
2016 03 23    1.31
2016 03 24    2.49
2016 03 25    3.54
2016 03 26    5.45
2016 03 27    5.35
2016 03 28    7.23
2016 03 29    7.66
2016 03 30    5.87
2016 03 31    6.25
2016 04 01    4.58
2016 04 02    4.93
2016 04 03    7.86
2016 04 04   11.69
2016 04 05   14.08
2016 04 06   10.98
2016 04 07   10.29
2016 04 08    8.96
2016 04 09    8.77
2016 04 10    7.52
2016 04 11    9.29
2016 04 12   10.66
2016 04 13   11.09
2016 04 14    7.81
2016 04 15    7.56
2016 04 16   10.44
2016 04 17    8.44
2016 04 18    7.11
2016 04 19    7.47
2016 04 20    7.22
2016 04 21    7.38
2016 04 22    7.17
2016 04 23    6.72
2016 04 24    4.80
2016 04 25    4.45
2016 04 26    5.63
2016 04 27    4.87
2016 04 28    5.95
2016 04 29    7.44
2016 04 30    9.05
2016 05 01    9.35
2016 05 02   11.56
2016 05 03   13.25
2016 05 04   11.81
2016 05 05   12.01
2016 05 06   13.16
2016 05 07   14.94
2016 05 08   16.64
2016 05 09   16.73
2016 05 10   16.37
2016 05 11   16.82
2016 05 12   15.91
2016 05 13   15.28
2016 05 14   13.38
2016 05 15    8.72
2016 05 16    7.90
2016 05 17    8.33
2016 05 18   10.06
2016 05 19   12.92
2016 05 20   15.01
2016 05 21   16.09
2016 05 22   18.35
2016 05 23   20.27
2016 05 24   19.33
2016 05 25   18.02
2016 05 26   16.23
2016 05 27   17.99
2016 05 28   19.63
2016 05 29   20.62
2016 05 30   21.90
2016 05 31   20.31
2016 06 01   20.16
2016 06 02   20.37
2016 06 03   20.47
2016 06 04   20.40
2016 06 05   16.16
2016 06 06   13.87
2016 06 07   15.01
2016 06 08   18.26
2016 06 09   15.14
2016 06 10   15.14
2016 06 11   12.66
2016 06 12   14.60
2016 06 13   16.29
2016 06 14   17.17
2016 06 15   19.04
2016 06 16   19.48
2016 06 17   18.54
2016 06 18   17.81
2016 06 19   19.75
2016 06 20   16.17
2016 06 21   17.66
2016 06 22   20.58
2016 06 23   23.34
2016 06 24   25.74
2016 06 25   27.08
2016 06 26   22.73
2016 06 27   19.75
2016 06 28   20.28
2016 06 29   19.89
2016 06 30   22.23
2016 07 01   22.63
2016 07 02   23.98
2016 07 03   17.36
2016 07 04   16.38
2016 07 05   18.68
2016 07 06   15.50
2016 07 07   15.99
2016 07 08   18.85
2016 07 09   17.57
2016 07 10   19.99
2016 07 11   23.64
2016 07 12   21.30
2016 07 13   19.88
2016 07 14   15.93
2016 07 15   16.02
2016 07 16   17.12
2016 07 17   18.31
2016 07 18   16.92
2016 07 19   17.23
2016 07 20   17.76
2016 07 21   18.00
2016 07 22   17.96
2016 07 23   19.87
2016 07 24   19.41
2016 07 25   23.07
2016 07 26   23.77
2016 07 27   22.19
2016 07 28   21.74
2016 07 29   20.29
2016 07 30   20.53
2016 07 31   21.08
2016 08 01   18.79
2016 08 02   17.20
2016 08 03   18.07
2016 08 04   21.45
2016 08 05   20.84
2016 08 06   17.37
2016 08 07   17.12
2016 08 08   21.03
2016 08 09   16.88
2016 08 10   14.32
2016 08 11   13.36
2016 08 12   14.77
2016 08 13   19.36
2016 08 14   17.80
2016 08 15   16.23
2016 08 16   15.22
2016 08 17   13.83
2016 08 18   15.50
2016 08 19   17.63
2016 08 20   20.22
2016 08 21   18.61
2016 08 22   17.44
2016 08 23   17.30
2016 08 24   18.08
2016 08 25   19.09
2016 08 26   20.48
2016 08 27   22.07
2016 08 28   22.17
2016 08 29   19.82
2016 08 30   16.47
2016 08 31   17.63
2016 09 01   19.04
2016 09 02   17.63
2016 09 03   18.70
2016 09 04   17.44
2016 09 05   16.33
2016 09 06   16.86
2016 09 07   18.17
2016 09 08   19.98
2016 09 09   22.21
2016 09 10   20.71
2016 09 11   21.96
2016 09 12   22.87
2016 09 13   21.18
2016 09 14   17.60
2016 09 15   16.28
2016 09 16   16.64
2016 09 17   16.26
2016 09 18   13.09
2016 09 19   11.06
2016 09 20   12.67
2016 09 21   11.17
2016 09 22   12.24
2016 09 23   12.05
2016 09 24   14.01
2016 09 25   12.68
2016 09 26   11.47
2016 09 27    9.45
2016 09 28   12.14
2016 09 29   16.94
2016 09 30   15.19
2016 10 01   14.07
2016 10 02   15.08
2016 10 03   12.85
2016 10 04    9.67
2016 10 05    6.78
2016 10 06    6.85
2016 10 07    5.49
2016 10 08    7.29
2016 10 09    7.73
2016 10 10    6.74
2016 10 11    6.15
2016 10 12    5.65
2016 10 13    5.33
2016 10 14    4.88
2016 10 15    4.01
2016 10 16    3.66
2016 10 17    4.63
2016 10 18    6.50
2016 10 19    8.09
2016 10 20    6.94
2016 10 21    5.00
2016 10 22    5.55
2016 10 23    5.66
2016 10 24    7.46
2016 10 25    7.02
2016 10 26    5.41
2016 10 27    5.65
2016 10 28    8.42
2016 10 29    6.32
2016 10 30    4.84
2016 10 31    4.10
2016 11 01    5.45
2016 11 02    4.19
2016 11 03    1.83
2016 11 04    1.71
2016 11 05    2.25
2016 11 06    3.88
2016 11 07    1.77
2016 11 08   -0.55
2016 11 09   -0.43
2016 11 10   -0.99
2016 11 11   -1.28
2016 11 12   -1.15
2016 11 13   -0.41
2016 11 14   -0.78
2016 11 15   -0.69
2016 11 16    1.61
2016 11 17    4.01
2016 11 18    5.28
2016 11 19    4.92
2016 11 20    5.42
2016 11 21    7.83
2016 11 22    6.47
2016 11 23    7.05
2016 11 24    4.03
2016 11 25    1.23
2016 11 26    0.40
2016 11 27    2.16
2016 11 28   -0.97
2016 11 29   -0.18
2016 11 30   -0.10
2016 12 01    1.79
2016 12 02    1.27
2016 12 03   -0.74
2016 12 04   -1.39
2016 12 05   -1.45
2016 12 06    0.47
2016 12 07   -1.18
2016 12 08    3.29
2016 12 09    5.47
2016 12 10    7.31
2016 12 11    5.03
2016 12 12   -1.94
2016 12 13   -2.46
2016 12 14    0.88
2016 12 15   -0.98
2016 12 16   -2.29
2016 12 17   -2.81
2016 12 18   -1.94
2016 12 19    0.10
2016 12 20   -0.28
2016 12 21   -2.62
2016 12 22   -3.46
2016 12 23    0.01
2016 12 24    0.39
2016 12 25    1.76
2016 12 26    5.25
2016 12 27    3.21
2016 12 28   -0.97
2016 12 29   -1.28
2016 12 30   -0.98
2016 12 31   -0.41
2017 01 01    1.01
2017 01 02   -0.62
2017 01 03   -1.11
2017 01 04    0.17
2017 01 05   -5.68
2017 01 06  -10.67
2017 01 07   -9.24
2017 01 08   -9.26
2017 01 09   -7.35
2017 01 10  -10.40
2017 01 11   -9.56
2017 01 12   -0.59
2017 01 13   -0.42
2017 01 14   -2.70
2017 01 15   -3.59
2017 01 16   -3.47
2017 01 17   -5.40
2017 01 18   -5.93
2017 01 19   -5.35
2017 01 20   -1.02
2017 01 21   -0.02
2017 01 22   -2.75
2017 01 23   -6.43
2017 01 24   -3.32
2017 01 25   -1.30
2017 01 26   -3.52
2017 01 27   -6.36
2017 01 28   -6.63
2017 01 29   -6.62
2017 01 30   -4.86
2017 01 31   -5.60
2017 02 01   -6.84
2017 02 02   -4.52
2017 02 03   -2.77
2017 02 04   -3.92
2017 02 05   -5.20
2017 02 06   -6.91
2017 02 07   -7.66
2017 02 08  -10.13
2017 02 09   -9.42
2017 02 10   -9.07
2017 02 11   -9.03
2017 02 12   -8.08
2017 02 13   -8.96
2017 02 14   -5.93
2017 02 15   -2.80
2017 02 16   -0.57
2017 02 17    0.89
2017 02 18    0.66
2017 02 19    1.31
2017 02 20    2.97
2017 02 21    4.67
2017 02 22    2.84
2017 02 23    4.09
2017 02 24    1.59
2017 02 25    0.21
2017 02 26    2.70
2017 02 27    5.17
2017 02 28    3.53
2017 03 01    3.11
2017 03 02    2.63
2017 03 03    3.36
2017 03 04    4.93
2017 03 05    6.45
2017 03 06    2.90
2017 03 07   -0.29
2017 03 08    0.65
2017 03 09    1.61
2017 03 10    2.77
2017 03 11    1.51
2017 03 12    1.23
2017 03 13    1.59
2017 03 14    3.32
2017 03 15    5.93
2017 03 16    3.68
2017 03 17    4.47
2017 03 18    2.62
2017 03 19    2.66
2017 03 20    4.70
2017 03 21    8.89
2017 03 22    5.37
2017 03 23    4.33
2017 03 24    4.64
2017 03 25    2.59
2017 03 26    4.11
2017 03 27    7.12
2017 03 28    7.86
2017 03 29    7.94
2017 03 30    7.27
2017 03 31   12.87
2017 04 01   13.65
2017 04 02   12.50
2017 04 03    9.33
2017 04 04    9.54
2017 04 05    8.58
2017 04 06    5.18
2017 04 07    6.06
2017 04 08    8.18
2017 04 09    9.00
2017 04 10   11.02
2017 04 11    5.37
2017 04 12    5.30
2017 04 13    6.36
2017 04 14    6.11
2017 04 15    6.91
2017 04 16    2.99
2017 04 17    2.04
2017 04 18    2.09
2017 04 19    1.57
2017 04 20    2.42
2017 04 21    5.77
2017 04 22    5.65
2017 04 23    4.45
2017 04 24    4.60
2017 04 25    8.01
2017 04 26    4.97
2017 04 27    5.14
2017 04 28    5.04
2017 04 29    6.18
2017 04 30    5.58
2017 05 01    7.28
2017 05 02    7.99
2017 05 03    9.24
2017 05 04    9.90
2017 05 05   13.45
2017 05 06   13.60
2017 05 07    8.92
2017 05 08    5.76
2017 05 09    2.85
2017 05 10    3.70
2017 05 11    6.49
2017 05 12   10.34
2017 05 13   14.05
2017 05 14   16.58
2017 05 15   15.36
2017 05 16   13.77
2017 05 17   15.33
2017 05 18   17.30
2017 05 19   18.05
2017 05 20   18.03
2017 05 21   14.36
2017 05 22   14.60
2017 05 23   15.38
2017 05 24   13.23
2017 05 25   13.34
2017 05 26   14.75
2017 05 27   15.62
2017 05 28   18.46
2017 05 29   19.26
2017 05 30   18.98
2017 05 31   16.99
2017 06 01   12.62
2017 06 02   13.81
2017 06 03   12.50
2017 06 04   15.73
2017 06 05   16.06
2017 06 06   16.70
2017 06 07   15.00
2017 06 08   14.65
2017 06 09   17.79
2017 06 10   16.21
2017 06 11   17.46
2017 06 12   17.52
2017 06 13   15.00
2017 06 14   15.48
2017 06 15   17.04
2017 06 16   15.81
2017 06 17   14.80
2017 06 18   17.74
2017 06 19   20.88
2017 06 20   20.07
2017 06 21   15.52
2017 06 22   17.53
2017 06 23   18.30
2017 06 24   17.88
2017 06 25   18.35
2017 06 26   16.34
2017 06 27   16.84
2017 06 28   19.77
2017 06 29   22.04
2017 06 30   16.73
2017 07 01   16.31
2017 07 02   16.52
2017 07 03   15.46
2017 07 04   14.93
2017 07 05   13.87
2017 07 06   15.72
2017 07 07   16.92
2017 07 08   16.90
2017 07 09   17.95
2017 07 10   18.99
2017 07 11   18.66
2017 07 12   19.50
2017 07 13   16.24
2017 07 14   14.91
2017 07 15   16.16
2017 07 16   17.35
2017 07 17   17.16
2017 07 18   17.28
2017 07 19   18.89
2017 07 20   19.46
2017 07 21   18.46
2017 07 22   19.49
2017 07 23   18.43
2017 07 24   19.64
2017 07 25   18.63
2017 07 26   16.91
2017 07 27   16.97
2017 07 28   17.40
2017 07 29   18.21
2017 07 30   22.37
2017 07 31   22.30
2017 08 01   24.60
2017 08 02   21.98
2017 08 03   21.95
2017 08 04   20.89
2017 08 05   19.78
2017 08 06   18.23
2017 08 07   17.76
2017 08 08   18.61
2017 08 09   20.90
2017 08 10   20.96
2017 08 11   21.69
2017 08 12   18.73
2017 08 13   16.79
2017 08 14   16.32
2017 08 15   17.59
2017 08 16   19.24
2017 08 17   18.74
2017 08 18   21.74
2017 08 19   18.22
2017 08 20   15.38
2017 08 21   14.42
2017 08 22   13.67
2017 08 23   14.56
2017 08 24   15.54
2017 08 25   17.07
2017 08 26   17.84
2017 08 27   16.96
2017 08 28   15.45
2017 08 29   15.67
2017 08 30   18.00
2017 08 31   20.19
2017 09 01   14.98
2017 09 02   12.94
2017 09 03   13.55
2017 09 04   13.51
2017 09 05   16.45
2017 09 06   14.95
2017 09 07   13.03
2017 09 08   13.90
2017 09 09   15.91
2017 09 10   14.84
2017 09 11   15.48
2017 09 12   14.54
2017 09 13   13.63
2017 09 14   12.92
2017 09 15   12.17
2017 09 16   11.94
2017 09 17   12.88
2017 09 18   11.36
2017 09 19   12.14
2017 09 20   12.39
2017 09 21   11.77
2017 09 22   13.02
2017 09 23   14.27
2017 09 24   13.92
2017 09 25   12.87
2017 09 26   13.82
2017 09 27   13.13
2017 09 28   11.37
2017 09 29    9.24
2017 09 30    9.22
2017 10 01    8.63
2017 10 02   10.18
2017 10 03   11.68
2017 10 04   10.23
2017 10 05    9.36
2017 10 06    8.87
2017 10 07    8.46
2017 10 08    8.53
2017 10 09    8.19
2017 10 10    8.13
2017 10 11   12.20
2017 10 12   12.15
2017 10 13    9.59
2017 10 14   12.73
2017 10 15   13.76
2017 10 16   13.34
2017 10 17   13.10
2017 10 18   11.93
2017 10 19   10.46
2017 10 20   11.39
2017 10 21   10.83
2017 10 22    9.28
2017 10 23    8.19
2017 10 24    6.54
2017 10 25    8.07
2017 10 26    9.68
2017 10 27    7.90
2017 10 28    8.07
2017 10 29    6.23
2017 10 30    3.07
2017 10 31    2.63
2017 11 01    7.05
2017 11 02    8.98
2017 11 03    7.74
2017 11 04    6.76
2017 11 05    7.09
2017 11 06    6.73
2017 11 07    5.52
2017 11 08    4.79
2017 11 09    3.54
2017 11 10    5.08
2017 11 11    4.12
2017 11 12    3.10
2017 11 13    2.19
2017 11 14    1.90
2017 11 15    4.72
2017 11 16    4.97
2017 11 17    3.03
2017 11 18    2.35
2017 11 19    2.31
2017 11 20    0.85
2017 11 21   -0.64
2017 11 22    0.83
2017 11 23    3.67
2017 11 24    5.39
2017 11 25    5.51
2017 11 26    2.11
2017 11 27    1.28
2017 11 28    1.10
2017 11 29    1.07
2017 11 30   -0.11
2017 12 01    0.66
2017 12 02   -0.63
2017 12 03   -2.30
2017 12 04   -0.41
2017 12 05    1.27
2017 12 06    4.94
2017 12 07    3.61
2017 12 08    2.23
2017 12 09   -0.51
2017 12 10   -0.70
2017 12 11    1.92
2017 12 12    4.36
2017 12 13   -0.74
2017 12 14    0.24
2017 12 15   -0.26
2017 12 16   -0.93
2017 12 17   -1.35
2017 12 18   -2.67
2017 12 19   -2.99
2017 12 20   -3.15
2017 12 21   -0.23
2017 12 22    1.66
2017 12 23    3.09
2017 12 24    6.98
2017 12 25    6.79
2017 12 26    1.93
2017 12 27    1.75
2017 12 28    3.16
2017 12 29    0.67
2017 12 30   -1.66
2017 12 31    2.71
2018 01 01    4.73
2018 01 02    1.47
2018 01 03    1.42
2018 01 04    3.94
2018 01 05    4.07
2018 01 06    3.10
2018 01 07   -0.53
2018 01 08   -2.30
2018 01 09   -1.92
2018 01 10   -0.95
2018 01 11   -1.98
2018 01 12   -3.22
2018 01 13   -4.11
2018 01 14   -6.90
2018 01 15   -6.78
2018 01 16   -4.23
2018 01 17   -0.92
2018 01 18   -0.22
2018 01 19   -0.99
2018 01 20   -3.45
2018 01 21   -4.57
2018 01 22   -6.14
2018 01 23   -8.46
2018 01 24   -0.93
2018 01 25    1.56
2018 01 26    0.93
2018 01 27    0.99
2018 01 28    2.69
2018 01 29    6.04
2018 01 30    3.15
2018 01 31    1.51
2018 02 01    2.00
2018 02 02   -0.19
2018 02 03   -0.42
2018 02 04   -1.08
2018 02 05   -3.49
2018 02 06   -4.87
2018 02 07   -5.98
2018 02 08   -6.48
2018 02 09   -6.94
2018 02 10   -5.74
2018 02 11   -2.78
2018 02 12   -0.32
2018 02 13   -0.86
2018 02 14   -1.53
2018 02 15   -2.46
2018 02 16   -1.28
2018 02 17    0.01
2018 02 18   -1.10
2018 02 19   -0.62
2018 02 20   -1.63
2018 02 21   -3.73
2018 02 22   -6.03
2018 02 23   -8.07
2018 02 24   -7.33
2018 02 25  -11.36
2018 02 26  -11.56
2018 02 27  -11.34
2018 02 28  -11.93
2018 03 01  -12.15
2018 03 02  -10.97
2018 03 03   -8.93
2018 03 04   -6.01
2018 03 05   -3.35
2018 03 06   -0.32
2018 03 07    0.37
2018 03 08    1.01
2018 03 09    1.53
2018 03 10    1.80
2018 03 11    5.70
2018 03 12    6.66
2018 03 13    7.14
2018 03 14    2.45
2018 03 15   -0.61
2018 03 16   -2.49
2018 03 17   -5.19
2018 03 18   -4.72
2018 03 19   -2.73
2018 03 20   -0.97
2018 03 21   -0.69
2018 03 22    0.21
2018 03 23    0.50
2018 03 24    1.59
2018 03 25    2.56
2018 03 26    2.83
2018 03 27   -0.01
2018 03 28    0.28
2018 03 29    0.82
2018 03 30    1.38
2018 03 31    3.01
2018 04 01    3.01
2018 04 02    1.98
2018 04 03    4.69
2018 04 04   10.72
2018 04 05   10.46
2018 04 06    4.76
2018 04 07    6.48
2018 04 08   11.92
2018 04 09   13.41
2018 04 10   13.03
2018 04 11   10.02
2018 04 12   12.33
2018 04 13   13.68
2018 04 14   12.20
2018 04 15   14.47
2018 04 16   14.83
2018 04 17   11.86
2018 04 18   11.28
2018 04 19   12.44
2018 04 20   12.83
2018 04 21   12.63
2018 04 22   10.51
2018 04 23   12.11
2018 04 24   10.80
2018 04 25   11.84
2018 04 26    8.31
2018 04 27    9.01
2018 04 28   13.69
2018 04 29   16.25
2018 04 30   18.37
2018 05 01   14.76
2018 05 02   12.95
2018 05 03   15.70
2018 05 04   11.11
2018 05 05   10.06
2018 05 06   12.23
2018 05 07   14.17
2018 05 08   16.15
2018 05 09   17.85
2018 05 10   19.25
2018 05 11   18.62
2018 05 12   17.20
2018 05 13   17.58
2018 05 14   15.62
2018 05 15   14.39
2018 05 16   15.82
2018 05 17   15.33
2018 05 18   14.15
2018 05 19   12.06
2018 05 20   13.37
2018 05 21   15.03
2018 05 22   14.47
2018 05 23   15.33
2018 05 24   16.29
2018 05 25   16.34
2018 05 26   18.15
2018 05 27   19.46
2018 05 28   20.86
2018 05 29   20.36
2018 05 30   21.52
2018 05 31   22.52
2018 06 01   21.97
2018 06 02   20.95
2018 06 03   20.94
2018 06 04   20.59
2018 06 05   16.70
2018 06 06   12.35
2018 06 07   15.18
2018 06 08   18.76
2018 06 09   20.45
2018 06 10   21.44
2018 06 11   19.98
2018 06 12   16.46
2018 06 13   16.03
2018 06 14   17.53
2018 06 15   17.10
2018 06 16   19.16
2018 06 17   22.01
2018 06 18   19.59
2018 06 19   20.40
2018 06 20   20.52
2018 06 21   21.22
2018 06 22   13.78
2018 06 23   13.08
2018 06 24   14.06
2018 06 25   14.47
2018 06 26   15.60
2018 06 27   18.26
2018 06 28   21.67
2018 06 29   18.74
2018 06 30   14.42
2018 07 01   13.69
2018 07 02   15.47
2018 07 03   17.87
2018 07 04   21.65
2018 07 05   22.25
2018 07 06   20.02
2018 07 07   20.63
2018 07 08   19.77
2018 07 09   20.32
2018 07 10   21.08
2018 07 11   20.92
2018 07 12   18.90
2018 07 13   17.39
2018 07 14   19.37
2018 07 15   20.27
2018 07 16   19.77
2018 07 17   20.14
2018 07 18   21.03
2018 07 19   21.34
2018 07 20   21.32
2018 07 21   20.93
2018 07 22   21.61
2018 07 23   22.01
2018 07 24   21.98
2018 07 25   22.38
2018 07 26   23.64
2018 07 27   23.94
2018 07 28   24.67
2018 07 29   24.43
2018 07 30   24.30
2018 07 31   26.24
2018 08 01   26.54
2018 08 02   26.47
2018 08 03   25.23
2018 08 04   24.86
2018 08 05   22.11
2018 08 06   20.78
2018 08 07   22.94
2018 08 08   24.88
2018 08 09   26.21
2018 08 10   22.72
2018 08 11   18.51
2018 08 12   17.59
2018 08 13   21.78
2018 08 14   20.37
2018 08 15   19.62
2018 08 16   20.50
2018 08 17   21.89
2018 08 18   22.48
2018 08 19   22.63
2018 08 20   22.61
2018 08 21   19.35
2018 08 22   18.94
2018 08 23   22.08
2018 08 24   21.13
2018 08 25   17.33
2018 08 26   15.01
2018 08 27   16.59
2018 08 28   17.13
2018 08 29   17.56
2018 08 30   19.15
2018 08 31   17.95
2018 09 01   18.10
2018 09 02   18.95
2018 09 03   19.76
2018 09 04   18.98
2018 09 05   17.78
2018 09 06   18.44
2018 09 07   20.23
2018 09 08   17.49
2018 09 09   16.24
2018 09 10   18.61
2018 09 11   18.56
2018 09 12   20.73
2018 09 13   14.00
2018 09 14   15.60
2018 09 15   16.19
2018 09 16   14.91
2018 09 17   17.52
2018 09 18   19.14
2018 09 19   20.55
2018 09 20   21.56
2018 09 21   21.43
2018 09 22   12.97
2018 09 23   11.44
2018 09 24    9.34
2018 09 25    8.19
2018 09 26    8.50
2018 09 27   14.78
2018 09 28   12.64
2018 09 29    8.86
2018 09 30    9.20
2018 10 01    9.43
2018 10 02    8.57
2018 10 03    8.84
2018 10 04    9.49
2018 10 05   11.96
2018 10 06   11.72
2018 10 07   11.83
2018 10 08    9.00
2018 10 09    9.57
2018 10 10   12.06
2018 10 11   12.77
2018 10 12   13.39
2018 10 13   13.68
2018 10 14   13.26
2018 10 15   13.39
2018 10 16   12.33
2018 10 17   12.69
2018 10 18   12.56
2018 10 19   10.41
2018 10 20    8.29
2018 10 21    6.84
2018 10 22    6.35
2018 10 23    6.08
2018 10 24    5.97
2018 10 25    6.48
2018 10 26    7.58
2018 10 27    7.66
2018 10 28    4.84
2018 10 29    2.88
2018 10 30   12.04
2018 10 31    8.66
2018 11 01    9.92
2018 11 02   10.34
2018 11 03    7.46
2018 11 04    7.81
2018 11 05   10.03
2018 11 06    9.85
2018 11 07    8.64
2018 11 08    8.22
2018 11 09    8.23
2018 11 10    7.80
2018 11 11    6.13
2018 11 12    8.25
2018 11 13    8.01
2018 11 14    7.27
2018 11 15    5.62
2018 11 16    2.15
2018 11 17   -0.47
2018 11 18    0.73
2018 11 19    2.40
2018 11 20    0.06
2018 11 21   -2.29
2018 11 22   -2.74
2018 11 23   -1.93
2018 11 24    0.01
2018 11 25    0.15
2018 11 26   -1.53
2018 11 27   -1.50
2018 11 28   -3.74
2018 11 29   -5.69
2018 11 30   -5.40
2018 12 01   -6.38
2018 12 02    0.09
2018 12 03    2.44
2018 12 04    1.84
2018 12 05    0.16
2018 12 06   -0.63
2018 12 07    3.34
2018 12 08    4.72
2018 12 09    3.72
2018 12 10    2.51
2018 12 11    0.55
2018 12 12   -1.25
2018 12 13   -1.76
2018 12 14   -1.84
2018 12 15   -2.11
2018 12 16   -2.74
2018 12 17   -3.48
2018 12 18   -3.64
2018 12 19   -2.76
2018 12 20   -3.18
2018 12 21   -0.23
2018 12 22    1.43
2018 12 23   -0.63
2018 12 24   -2.75
2018 12 25   -0.13
2018 12 26    1.16
2018 12 27    2.95
2018 12 28    3.16
2018 12 29    2.59
2018 12 30    2.91
2018 12 31    0.90
2019 01 01    3.61
2019 01 02    0.01
2019 01 03   -2.07
2019 01 04   -1.49
2019 01 05    0.76
2019 01 06   -4.34
2019 01 07   -4.54
2019 01 08   -0.42
2019 01 09   -1.90
2019 01 10   -5.25
2019 01 11   -4.05
2019 01 12   -0.42
2019 01 13    1.72
2019 01 14    0.03
2019 01 15    0.42
2019 01 16    2.49
2019 01 17    1.10
2019 01 18   -1.20
2019 01 19   -2.82
2019 01 20   -3.90
2019 01 21   -4.12
2019 01 22   -5.76
2019 01 23   -8.08
2019 01 24   -9.17
2019 01 25   -7.95
2019 01 26   -5.73
2019 01 27   -3.06
2019 01 28   -0.88
2019 01 29   -1.51
2019 01 30   -3.73
2019 01 31   -3.20
2019 02 01   -2.79
2019 02 02    1.51
2019 02 03   -0.21
2019 02 04   -1.61
2019 02 05   -3.01
2019 02 06   -0.43
2019 02 07   -1.82
2019 02 08    0.09
2019 02 09    0.89
2019 02 10    1.84
2019 02 11    2.02
2019 02 12   -0.67
2019 02 13    1.93
2019 02 14    4.05
2019 02 15    2.17
2019 02 16    2.40
2019 02 17    3.92
2019 02 18    4.14
2019 02 19    3.61
2019 02 20    3.73
2019 02 21    2.60
2019 02 22   -3.73
2019 02 23   -2.29
2019 02 24    0.78
2019 02 25    1.74
2019 02 26    2.66
2019 02 27    3.06
2019 02 28    3.33
2019 03 01   -0.08
2019 03 02   -0.81
2019 03 03    3.82
2019 03 04    8.75
2019 03 05    5.63
2019 03 06    3.98
2019 03 07    6.48
2019 03 08    5.67
2019 03 09    3.96
2019 03 10    3.99
2019 03 11    1.39
2019 03 12    0.82
2019 03 13    3.50
2019 03 14    4.64
2019 03 15    5.07
2019 03 16    5.07
2019 03 17    8.41
2019 03 18    5.70
2019 03 19    3.73
2019 03 20    3.93
2019 03 21    8.88
2019 03 22    8.25
2019 03 23    8.27
2019 03 24    5.13
2019 03 25    2.88
2019 03 26    1.79
2019 03 27    3.91
2019 03 28    7.21
2019 03 29    7.51
2019 03 30    9.12
2019 03 31    6.25
2019 04 01    3.31
2019 04 02    4.62
2019 04 03    7.94
2019 04 04    9.34
2019 04 05   10.73
2019 04 06    9.97
2019 04 07    9.68
2019 04 08    8.21
2019 04 09    3.34
2019 04 10    1.64
2019 04 11    2.07
2019 04 12    2.43
2019 04 13    2.98
2019 04 14    5.88
2019 04 15    5.01
2019 04 16    6.31
2019 04 17    9.95
2019 04 18   11.23
2019 04 19   10.11
2019 04 20    8.93
2019 04 21   10.06
2019 04 22    9.99
2019 04 23   11.94
2019 04 24   13.80
2019 04 25   17.89
2019 04 26   18.99
2019 04 27   13.83
2019 04 28   10.66
2019 04 29   13.32
2019 04 30   12.24
2019 05 01   10.60
2019 05 02    9.53
2019 05 03    8.11
2019 05 04    6.10
2019 05 05    6.46
2019 05 06    7.75
2019 05 07    7.90
2019 05 08    9.58
2019 05 09    9.98
2019 05 10   12.50
2019 05 11   12.65
2019 05 12    7.30
2019 05 13    7.89
2019 05 14    7.23
2019 05 15   10.38
2019 05 16   13.76
2019 05 17   15.08
2019 05 18   15.14
2019 05 19   16.43
2019 05 20   18.62
2019 05 21   17.81
2019 05 22   17.27
2019 05 23   14.64
2019 05 24   14.69
2019 05 25   14.25
2019 05 26   14.02
2019 05 27   17.46
2019 05 28   15.39
2019 05 29   11.94
2019 05 30   11.88
2019 05 31   15.89
2019 06 01   17.95
2019 06 02   19.51
2019 06 03   20.77
2019 06 04   22.30
2019 06 05   23.09
2019 06 06   22.14
2019 06 07   21.85
2019 06 08   20.86
2019 06 09   19.10
2019 06 10   20.92
2019 06 11   25.68
2019 06 12   26.47
2019 06 13   22.20
2019 06 14   20.61
2019 06 15   22.98
2019 06 16   20.49
2019 06 17   18.95
2019 06 18   20.64
2019 06 19   23.11
2019 06 20   23.93
2019 06 21   21.95
2019 06 22   19.46
2019 06 23   18.45
2019 06 24   21.01
2019 06 25   24.31
2019 06 26   28.39
2019 06 27   20.40
2019 06 28   18.59
2019 06 29   21.34
2019 06 30   26.23
2019 07 01   22.53
2019 07 02   18.37
2019 07 03   16.25
2019 07 04   16.18
2019 07 05   16.01
2019 07 06   15.91
2019 07 07   15.89
2019 07 08   14.29
2019 07 09   14.47
2019 07 10   15.65
2019 07 11   17.08
2019 07 12   20.11
2019 07 13   18.17
2019 07 14   17.44
2019 07 15   18.68
2019 07 16   16.70
2019 07 17   16.77
2019 07 18   18.39
2019 07 19   21.11
2019 07 20   23.43
2019 07 21   22.60
2019 07 22   20.29
2019 07 23   19.31
2019 07 24   21.58
2019 07 25   22.68
2019 07 26   21.64
2019 07 27   21.21
2019 07 28   23.57
2019 07 29   26.05
2019 07 30   24.01
2019 07 31   19.86
2019 08 01   17.66
2019 08 02   18.37
2019 08 03   18.27
2019 08 04   18.91
2019 08 05   20.43
2019 08 06   22.27
2019 08 07   22.34
2019 08 08   20.80
2019 08 09   19.95
2019 08 10   20.01
2019 08 11   23.04
2019 08 12   21.42
2019 08 13   20.23
2019 08 14   16.84
2019 08 15   18.23
2019 08 16   18.99
2019 08 17   19.27
2019 08 18   21.54
2019 08 19   19.95
2019 08 20   20.57
2019 08 21   17.87
2019 08 22   18.00
2019 08 23   19.53
2019 08 24   20.73
2019 08 25   21.11
2019 08 26   23.43
2019 08 27   24.77
2019 08 28   24.46
2019 08 29   25.10
2019 08 30   23.17
2019 08 31   23.66
2019 09 01   25.00
2019 09 02   18.62
2019 09 03   16.90
2019 09 04   18.20
2019 09 05   18.19
2019 09 06   15.44
2019 09 07   15.20
2019 09 08   14.84
2019 09 09   17.01
2019 09 10   15.15
2019 09 11   15.74
2019 09 12   16.60
2019 09 13   16.57
2019 09 14   13.40
2019 09 15   15.16
2019 09 16   13.50
2019 09 17   10.83
2019 09 18   11.12
2019 09 19   10.43
2019 09 20    9.95
2019 09 21   13.32
2019 09 22   14.37
2019 09 23   12.27
2019 09 24   10.84
2019 09 25   11.50
2019 09 26   13.68
2019 09 27   14.64
2019 09 28   14.80
2019 09 29   13.59
2019 09 30   13.66
2019 10 01   12.19
2019 10 02   10.30
2019 10 03    8.37
2019 10 04    8.16
2019 10 05    6.56
2019 10 06    4.20
2019 10 07    5.15
2019 10 08    6.25
2019 10 09   11.82
2019 10 10   10.01
2019 10 11   10.78
2019 10 12   13.97
2019 10 13   14.84
2019 10 14   15.44
2019 10 15   13.90
2019 10 16   13.13
2019 10 17   11.81
2019 10 18   11.81
2019 10 19   12.35
2019 10 20   12.91
2019 10 21   14.24
2019 10 22   13.52
2019 10 23   10.52
2019 10 24   11.69
2019 10 25   11.61
2019 10 26   12.56
2019 10 27   10.34
2019 10 28    5.96
2019 10 29    4.23
2019 10 30    2.56
2019 10 31    1.94
2019 11 01    1.09
2019 11 02    5.37
2019 11 03    8.19
2019 11 04   10.16
2019 11 05    7.86
2019 11 06    6.42
2019 11 07    5.48
2019 11 08    5.29
2019 11 09    6.98
2019 11 10    4.83
2019 11 11    1.49
2019 11 12    4.30
2019 11 13    5.46
2019 11 14    2.01
2019 11 15    5.22
2019 11 16    7.94
2019 11 17    6.77
2019 11 18    8.23
2019 11 19    5.59
2019 11 20    6.40
2019 11 21    6.43
2019 11 22    2.92
2019 11 23   -0.37
2019 11 24    0.53
2019 11 25    0.84
2019 11 26    2.30
2019 11 27    4.67
2019 11 28    5.71
2019 11 29    5.02
2019 11 30   -0.46
2019 12 01   -0.24
2019 12 02    0.63
2019 12 03   -1.60
2019 12 04    2.28
2019 12 05   -0.99
2019 12 06   -0.44
2019 12 07    3.48
2019 12 08    5.96
2019 12 09    5.56
2019 12 10    0.82
2019 12 11   -2.25
2019 12 12   -1.77
2019 12 13   -0.39
2019 12 14    0.93
2019 12 15    1.45
2019 12 16    2.28
2019 12 17    3.78
2019 12 18    4.01
2019 12 19    2.11
2019 12 20    5.54
2019 12 21    5.15
2019 12 22    4.30
2019 12 23    3.88
2019 12 24    4.21
2019 12 25    2.10
2019 12 26    2.68
2019 12 27    1.16
2019 12 28   -0.77
2019 12 29   -0.97
2019 12 30    0.19
2019 12 31    2.55
2020 01 01    0.93
2020 01 02   -1.24
2020 01 03    0.34
2020 01 04    1.65
2020 01 05   -1.23
2020 01 06    0.21
2020 01 07   -0.87
2020 01 08    1.75
2020 01 09    4.53
2020 01 10    6.50
2020 01 11    3.56
2020 01 12    1.47
2020 01 13    3.80
2020 01 14    1.80
2020 01 15    2.70
2020 01 16    1.81
2020 01 17    0.87
2020 01 18    1.91
2020 01 19    1.46
2020 01 20    0.74
2020 01 21    1.80
2020 01 22    2.59
2020 01 23   -0.13
2020 01 24    1.12
2020 01 25    0.98
2020 01 26   -0.33
2020 01 27    0.33
2020 01 28    0.49
2020 01 29    1.43
2020 01 30    2.54
2020 01 31    4.78
2020 02 01    8.07
2020 02 02    5.20
2020 02 03    2.70
2020 02 04    3.71
2020 02 05   -0.54
2020 02 06    2.54
2020 02 07   -1.04
2020 02 08   -0.78
2020 02 09    1.61
2020 02 10    4.81
2020 02 11    2.28
2020 02 12    2.34
2020 02 13    1.59
2020 02 14    0.64
2020 02 15    0.91
2020 02 16    5.39
2020 02 17    7.92
2020 02 18    4.30
2020 02 19    3.41
2020 02 20    2.57
2020 02 21    3.25
2020 02 22    4.68
2020 02 23    4.22
2020 02 24    3.89
2020 02 25    4.68
2020 02 26    2.28
2020 02 27    0.93
2020 02 28    0.98
2020 02 29    2.03
2020 03 01    5.89
2020 03 02    3.33
2020 03 03    4.01
2020 03 04    3.37
2020 03 05    2.20
2020 03 06    1.90
2020 03 07    3.72
2020 03 08    3.71
2020 03 09    3.37
2020 03 10    5.89
2020 03 11    6.61
2020 03 12    6.78
2020 03 13    4.46
2020 03 14   -0.03
2020 03 15    0.34
2020 03 16    3.64
2020 03 17    5.49
2020 03 18    8.70
2020 03 19    7.25
2020 03 20    4.34
2020 03 21    1.41
2020 03 22   -1.39
2020 03 23   -1.48
2020 03 24   -0.43
2020 03 25    0.75
2020 03 26    2.52
2020 03 27    4.75
2020 03 28    6.61
2020 03 29    1.21
2020 03 30    0.14
2020 03 31   -0.29
2020 04 01    1.85
2020 04 02    4.46
2020 04 03    4.43
2020 04 04    3.30
2020 04 05    5.70
2020 04 06    8.40
2020 04 07   10.82
2020 04 08    9.97
2020 04 09    9.40
2020 04 10    6.62
2020 04 11    6.20
2020 04 12   10.46
2020 04 13    6.26
2020 04 14    2.19
2020 04 15    5.19
2020 04 16    7.30
2020 04 17    5.87
2020 04 18    4.97
2020 04 19    4.82
2020 04 20    5.47
2020 04 21    7.52
2020 04 22    8.64
2020 04 23   11.31
2020 04 24   12.09
2020 04 25    7.45
2020 04 26    8.78
2020 04 27   11.68
2020 04 28   14.18
2020 04 29    7.71
2020 04 30   10.70
2020 05 01   10.59
2020 05 02   10.30
2020 05 03   10.01
2020 05 04   10.54
2020 05 05    6.84
2020 05 06    9.62
2020 05 07   10.20
2020 05 08   11.57
2020 05 09   12.59
2020 05 10   15.51
2020 05 11    9.99
2020 05 12    5.98
2020 05 13    7.68
2020 05 14    7.43
2020 05 15    8.82
2020 05 16    9.87
2020 05 17   10.63
2020 05 18   12.09
2020 05 19   11.77
2020 05 20   10.21
2020 05 21    8.48
2020 05 22    9.79
2020 05 23    9.82
2020 05 24   11.65
2020 05 25   11.25
2020 05 26   11.08
2020 05 27   13.24
2020 05 28   12.53
2020 05 29   10.86
2020 05 30   11.90
2020 05 31   14.90
2020 06 01   13.81
2020 06 02   13.66
2020 06 03   12.86
2020 06 04   15.04
2020 06 05   13.98
2020 06 06   14.60
2020 06 07   16.85
2020 06 08   13.40
2020 06 09   13.98
2020 06 10   16.70
2020 06 11   19.86
2020 06 12   21.33
2020 06 13   22.35
2020 06 14   18.08
2020 06 15   16.43
2020 06 16   18.91
2020 06 17   21.12
2020 06 18   20.28
2020 06 19   20.29
2020 06 20   20.23
2020 06 21   20.77
2020 06 22   18.97
2020 06 23   16.88
2020 06 24   20.03
2020 06 25   21.71
2020 06 26   22.08
2020 06 27   20.60
2020 06 28   23.69
2020 06 29   18.36
2020 06 30   18.10
2020 07 01   19.63
2020 07 02   20.45
2020 07 03   19.57
2020 07 04   20.96
2020 07 05   22.33
2020 07 06   20.21
2020 07 07   15.94
2020 07 08   14.74
2020 07 09   15.70
2020 07 10   19.76
2020 07 11   14.35
2020 07 12   15.16
2020 07 13   15.63
2020 07 14   18.84
2020 07 15   20.42
2020 07 16   16.67
2020 07 17   17.37
2020 07 18   21.30
2020 07 19   22.58
2020 07 20   20.97
2020 07 21   16.65
2020 07 22   16.35
2020 07 23   15.96
2020 07 24   18.91
2020 07 25   19.43
2020 07 26   20.81
2020 07 27   21.46
2020 07 28   22.28
2020 07 29   18.96
2020 07 30   17.73
2020 07 31   17.30
2020 08 01   18.18
2020 08 02   20.52
2020 08 03   18.57
2020 08 04   15.80
2020 08 05   17.63
2020 08 06   20.37
2020 08 07   23.63
2020 08 08   25.27
2020 08 09   24.96
2020 08 10   23.38
2020 08 11   21.25
2020 08 12   20.04
2020 08 13   21.23
2020 08 14   22.20
2020 08 15   22.97
2020 08 16   22.30
2020 08 17   22.13
2020 08 18   21.98
2020 08 19   20.80
2020 08 20   21.56
2020 08 21   24.71
2020 08 22   23.48
2020 08 23   20.10
2020 08 24   18.69
2020 08 25   17.86
2020 08 26   17.46
2020 08 27   16.94
2020 08 28   16.23
2020 08 29   18.01
2020 08 30   16.94
2020 08 31   15.05
2020 09 01   13.79
2020 09 02   14.20
2020 09 03   14.05
2020 09 04   15.16
2020 09 05   16.43
2020 09 06   13.62
2020 09 07   12.82
2020 09 08   14.23
2020 09 09   17.33
2020 09 10   14.60
2020 09 11   12.68
2020 09 12   15.86
2020 09 13   15.84
2020 09 14   18.27
2020 09 15   19.72
2020 09 16   19.90
2020 09 17   13.00
2020 09 18   11.77
2020 09 19   12.17
2020 09 20   13.47
2020 09 21   13.98
2020 09 22   16.75
2020 09 23   17.81
2020 09 24   17.77
2020 09 25   17.08
2020 09 26   16.97
2020 09 27   12.12
2020 09 28   11.26
2020 09 29   12.40
2020 09 30   13.79
